[min_segment_dur]
bl26lb16 = 0.02
gr41rd51 = 0.02
gy6or6 = 0.01
or60yw70 = 0.02
Bird0 = 0.02
Bird4 = 0.02
Bird7 = 0.02
Bird9 = 0.02
llb3 = 0.008
llb11 = 0.007
llb16 = 0.013

[min_silent_interval]
bl26lb16 = 0.004
gr41rd51 = 0.002
gy6or6 = 0.006
or60yw70 = 0.002
llb11 = 0.003
llb16 = 0.008
llb3 = 0.008

[threshold]
bl26lb16 = 1000
gr41rd51 = 1200
gy6or6 = 1500
or60yw70 = 1200
llb11 = 1.4335735659616222e-06
llb16 = 2.9215513318134352e-06
llb3 = 9.72487848026377e-06

